initial: 6
0.00009 0.10354 0.09698 0.21009 0.00000 0.58930

transition: 6
0.20473 0.20302 0.59175 0.00027 0.00010 0.00013
0.01235 0.28732 0.51252 0.00057 0.00006 0.18718
0.49682 0.00642 0.19528 0.30131 0.00008 0.00009
0.20012 0.00083 0.00165 0.59810 0.00012 0.19919
0.00015 0.10177 0.00003 0.00002 0.50370 0.39433
0.39857 0.00051 0.00006 0.00003 0.30407 0.29676

observation: 6
0.49411 0.69966 0.30149 0.09978 0.00037 0.09905
0.00215 0.00150 0.40042 0.09884 0.10313 0.09550
0.00024 0.29770 0.20053 0.19626 0.09873 0.30197
0.50332 0.00096 0.09696 0.00005 0.00402 0.40274
0.00018 0.00019 0.00059 0.60507 0.00221 0.10072
0.00001 0.00000 0.00001 0.00001 0.79155 0.00003
