initial: 6
0.72029 0.00001 0.09220 0.18750 0.00000 0.00000

transition: 6
0.30871 0.00198 0.49216 0.00088 0.00001 0.19628
0.00068 0.20209 0.79573 0.00143 0.00003 0.00005
0.00100 0.50048 0.19984 0.29855 0.00002 0.00011
0.00050 0.20136 0.00016 0.59744 0.00015 0.20040
0.10493 0.00007 0.00003 0.00003 0.49980 0.39515
0.00052 0.39562 0.00007 0.00005 0.30105 0.30269

observation: 6
0.99500 0.49757 0.29754 0.09763 0.00109 0.09829
0.00235 0.00072 0.40063 0.09928 0.10431 0.09707
0.00249 0.00284 0.20081 0.80290 0.09125 0.30880
0.00016 0.49886 0.10101 0.00017 0.00516 0.39666
0.00001 0.00002 0.00001 0.00001 0.00270 0.09915
0.00000 0.00000 0.00000 0.00001 0.79550 0.00003
