initial: 6
0.50786 0.49212 0.00001 0.00001 0.00000 0.00000

transition: 6
0.29104 0.50804 0.00765 0.19189 0.00019 0.00121
0.00159 0.50155 0.19845 0.00027 0.00015 0.29800
0.00225 0.00066 0.20362 0.78756 0.00030 0.00562
0.00049 0.00145 0.00443 0.27788 0.51557 0.20019
0.00001 0.00004 0.00001 0.00001 0.50091 0.49903
0.59964 0.00034 0.20691 0.19305 0.00006 0.00001

observation: 6
0.00028 0.29976 0.00174 0.10006 0.29866 0.09815
0.09972 0.39640 0.00016 0.10132 0.00005 0.10042
0.40445 0.20004 0.48934 0.29565 0.30237 0.00002
0.49553 0.10375 0.50641 0.40292 0.00002 0.00001
0.00002 0.00005 0.00236 0.10004 0.00006 0.80140
0.00000 0.00001 0.00000 0.00001 0.39886 0.00000
