initial: 6
0.72032 0.00001 0.09339 0.18628 0.00000 0.00000

transition: 6
0.29610 0.00922 0.50581 0.00098 0.00004 0.18786
0.19902 0.20332 0.59708 0.00039 0.00006 0.00014
0.00346 0.49810 0.19847 0.29939 0.00012 0.00047
0.00072 0.20192 0.00033 0.59717 0.00013 0.19974
0.10711 0.00010 0.00004 0.00003 0.50151 0.39122
0.00095 0.39510 0.00006 0.00002 0.30527 0.29861

observation: 6
0.69575 0.49675 0.30181 0.09942 0.00072 0.09737
0.00129 0.00140 0.39930 0.09910 0.10287 0.09675
0.30186 0.00086 0.20056 0.19587 0.09786 0.30247
0.00088 0.50087 0.09777 0.00004 0.00183 0.40451
0.00022 0.00013 0.00056 0.60556 0.00275 0.09885
0.00001 0.00000 0.00000 0.00001 0.79397 0.00006
